0 0.44750675 0.5575413125 0.428847421875 0.552050822265625 0.412383279296875 0.586091888671875 0.404699962890625 0.61903483203125 0.4112856875 0.6519777734375 0.45036905078125 0.66032175390625 0.480435037109375 0.6618606328125 0.47604458203125 0.613544341796875 0.473849396484375 0.5773070703125 0.44750675 0.5575413125
0 0.44531156640625 0.859487658203125 0.44531156640625 0.89462684765625 0.468208166015625 0.897719224609375 0.485923083984375 0.8649781484375 0.4782398515625 0.821054224609375 0.452994798828125 0.82654471484375 0.44531156640625 0.859487658203125
1 0.037109375 0.5458984375 0.0703125 0.2451171875
1 0.0322265625 0.736328125 0.064453125 0.138671875
1 0.0234375 0.90625 0.0458984375 0.1875
1 0.25390625 0.91796875 0.0703125 0.1640625
1 0.2548828125 0.7734375 0.068359375 0.0751953125
1 0.248046875 0.4033203125 0.05078125 0.13671875
1 0.2314453125 0.470703125 0.0673828125 0.0654296875
1 0.2509765625 0.5546875 0.048828125 0.099609375
1 0.2548828125 0.6708984375 0.0390625 0.091796875
1 0.7294921875 0.9560546875 0.0703125 0.0869140625
1 0.6875 0.87109375 0.0576171875 0.083984375
1 0.748046875 0.859375 0.052734375 0.0595703125
1 0.7197265625 0.76953125 0.0712890625 0.1201171875
1 0.689453125 0.599609375 0.0556640625 0.083984375
1 0.6708984375 0.5224609375 0.0888671875 0.0615234375
1 0.6708984375 0.4052734375 0.0732421875 0.173828125
1 0.5859375 0.3759765625 0.1123046875 0.064453125
1 0.5029296875 0.2958984375 0.078125 0.09375
1 0.4638671875 0.37890625 0.1181640625 0.1396484375
1 0.478515625 0.49609375 0.0869140625 0.08984375
1 0.4970703125 0.6103515625 0.0302734375 0.0615234375
1 0.4716796875 0.734375 0.0400390625 0.123046875
1 0.474609375 0.953125 0.033203125 0.09375
1 0.6181640625 0.4345703125 0.0283203125 0.0400390625
1 0.66015625 0.2421875 0.0419921875 0.125
1 0.62109375 0.662109375 0.0400390625 0.0439453125
1 0.6416015625 0.6103515625 0.0380859375 0.06640625