0 0.77854548828125 1 0.779668552734375 0.9646464609375 0.766192978515625 0.941070052734375 0.73587323828125 0.914125640625 0.719028919921875 0.925352447265625 0.707799326171875 0.955664939453125 0.71017803125 1 0.77854548828125 1
0 0.761093931640625 0.62076440625 0.766929517578125 0.584300685546875 0.7450460234375 0.56898592578125 0.718785791015625 0.577737212890625 0.7063851953125 0.607637462890625 0.69252565625 0.636808439453125 0.688878341796875 0.657957376953125 0.697951087890625 0.67390265625 0.738481013671875 0.686399056640625 0.77641241796875 0.674001408203125 0.778600787109375 0.636808439453125 0.761093931640625 0.62076440625
0 0.76328230078125 0.27329069140625 0.771306255859375 0.23974408203125 0.761823453125 0.22953425 0.741398806640625 0.2419318984375 0.71222078125 0.24047335546875 0.70127903515625 0.26891503515625 0.690337287109375 0.287146908203125 0.716400439453125 0.31373923828125 0.72972763671875 0.34038393359375 0.761823453125 0.33163262109375 0.76620009375 0.305378732421875 0.76328230078125 0.27329069140625
0 0.355434875 0 0.358437359375 0.017179763671875 0.351142830078125 0.04270435546875 0.3598962578125 0.0616655 0.3868859140625 0.06822897265625 0.405851615234375 0.0368701796875 0.433570744140625 0.0288481640625 0.43211184765625 0 0.355434875 0
0 0.424087892578125 0.335414685546875 0.4291940546875 0.296033876953125 0.4255467890625 0.27780200390625 0.392721498046875 0.267592171875 0.38469754296875 0.272697099609375 0.385916412109375 0.30571778125 0.389803705078125 0.343436703125 0.39782766015625 0.37844185546875 0.416793361328125 0.373336927734375 0.424087892578125 0.335414685546875
0 0.4102283046875 0.772589099609375 0.4182522578125 0.70695442578125 0.430652951171875 0.66538580078125 0.416793361328125 0.632568462890625 0.3912626015625 0.6464246796875 0.372296900390625 0.6092316875 0.348954509765625 0.63986120703125 0.327800439453125 0.67851274609375 0.315399794921875 0.700390978515625 0.328964068359375 0.73486573046875 0.354060671875 0.75362798046875 0.345307244140625 0.792279517578125 0.390533177734375 0.795925876953125 0.4102283046875 0.772589099609375
0 0 0.967967298828125 0.018182189453125 0.960674578125 0.05319580078125 0.96723805078125 0.07653819140625 0.957028193359375 0.08383272265625 0.92712796875 0.0772676640625 0.84471996484375 0.08747998828125 0.79950495703125 0.06267865234375 0.776168203125 0.054654697265625 0.7812731328125 0.028394513671875 0.760124171875 0.00505207421875 0.768875435546875 0 0.79181807421875 0 0.967967298828125
0 0 0.552806796875 0.00869933984375 0.6060437734375 0.052466328125 0.589270494140625 0.0809149296875 0.532387083984375 0.075808767578125 0.5017575859375 0.09039778125 0.46894025 0.071432078125 0.435393640625 0.04371294921875 0.442686384765625 0 0.449249857421875 0 0.552806796875
0 0.05611359375 0.246969521484375 0.082373826171875 0.247698818359375 0.086021091796875 0.228737697265625 0.1115518515625 0.233113330078125 0.12468191796875 0.211964369140625 0.12249359765625 0.17258355859375 0.11665796484375 0.11861728515625 0.11082237890625 0.095280509765625 0.08747998828125 0.085070677734375 0.0655964453125 0.093092693359375 0.032771203125 0.09600978125 0.0232883515625 0.120075830078125 0.025476671875 0.14851753515625 0.01307602734375 0.184981232421875 0.0138055 0.21925711328125 0.04371294921875 0.217069296875 0.05611359375 0.246969521484375
1 0.664605892578125 0.167545376953125 0.674818216796875 0.219323833984375 0.702537296875 0.242660611328125 0.7120201953125 0.23318005078125 0.74046869921875 0.236097138671875 0.763811138671875 0.22515803515625 0.792259740234375 0.23318005078125 0.811225443359375 0.2652681171875 0.847697998046875 0.270373044921875 0.846239052734375 0.22078237890625 0.811225443359375 0.150772072265625 0.8469684765625 0.1267060234375 0.84988626953125 0.090242314453125 0.82873219921875 0.08659594140625 0.79590695703125 0.054507876953125 0.76891730078125 0.05159077734375 0.751410544921875 0 0.67228242578125 0.000100271484375 0.6894071796875 0.039922388671875 0.647828560546875 0.06763480859375 0.661688099609375 0.12378891015625 0.664605892578125 0.167545376953125
1 0.685759962890625 0.4900202265625 0.691595548828125 0.5410694140625 0.70910240234375 0.575345318359375 0.74192764453125 0.5651354609375 0.7659995078125 0.57826240625 0.76308171484375 0.621289576171875 0.790800794921875 0.644626376953125 0.8119548671875 0.615455400390625 0.8134138125 0.5658647578125 0.83821509765625 0.5294010625 0.83602673046875 0.471059107421875 0.80976649609375 0.4163635625 0.8345678828125 0.38427549609375 0.82581440625 0.3441654140625 0.814143234375 0.2821771015625 0.77475288671875 0.247171935546875 0.76891730078125 0.267591611328125 0.769646724609375 0.301138220703125 0.7645405625 0.336872669921875 0.72660916015625 0.34708250390625 0.715667412109375 0.31718225390625 0.685759962890625 0.289469845703125 0.660229154296875 0.3397897578125 0.6624175234375 0.39667314453125 0.6624175234375 0.445534513671875 0.685759962890625 0.4900202265625
1 0.655852515625 0.85499651953125 0.663147044921875 0.898023689453125 0.69378391796875 0.93448743359375 0.71056125 0.9366752265625 0.72077357421875 0.916984859375 0.7390098515625 0.9111506328125 0.760163921875 0.927923962890625 0.77183509375 0.942509451171875 0.787153578125 0.974597515625 0.802472064453125 0.957094939453125 0.799554271484375 0.92281903515625 0.7849652109375 0.9038579140625 0.79153031640625 0.8622892890625 0.802472064453125 0.798113158203125 0.79153031640625 0.7565445078125 0.811225443359375 0.7113295234375 0.82435555859375 0.678512185546875 0.8156021796875 0.639131376953125 0.78058847265625 0.6398606484375 0.778400201171875 0.6777829140625 0.74338658984375 0.6894512890625 0.697431134765625 0.677053640625 0.68794833203125 0.65955106640625 0.67468886328125 0.6602661796875 0.6624175234375 0.715705154296875 0.65512308984375 0.760190892578125 0.647828560546875 0.800300974609375 0.655852515625 0.85499651953125
1 0.80078125 0.88671875 0.021484375 0.0263671875
1 0.6982421875 0.9765625 0.025390625 0.046875
1 0.66015625 0.9619140625 0.033203125 0.0263671875
1 0.8232421875 0.919921875 0.025390625 0.025390625
1 0.44431190625 0.998731380859375 0.4465002265625 0.952057826171875 0.4428530078125 0.875484048828125 0.438476271484375 0.816412845703125 0.431911212890625 0.750778171875 0.4158633046875 0.74056833984375 0.41294551171875 0.770468564453125 0.3925209140625 0.8010980859375 0.35313061328125 0.80766155859375 0.31532758984375 0.82149746484375 0.303527990234375 0.86746203125 0.296233458984375 0.930908865234375 0.289668400390625 1 0.44431190625 0.998731380859375
1 0.320305322265625 0.475570443359375 0.35167166796875 0.509117052734375 0.356777830078125 0.547039318359375 0.3392710234375 0.58058592578125 0.303527990234375 0.60611051953125 0.319575849609375 0.686330681640625 0.3465655546875 0.633822953125 0.375014107421875 0.6039226796875 0.3925209140625 0.642574216796875 0.4216989375 0.62725948046875 0.433370158203125 0.6790379140625 0.4618187109375 0.66080608984375 0.45744197265625 0.60683981640625 0.46473650390625 0.517139068359375 0.477137146484375 0.477028986328125 0.45890091796875 0.404101568359375 0.453794755859375 0.34721818359375 0.431911212890625 0.3151301171875 0.42024004296875 0.3785769765625 0.39470928125 0.3865989921875 0.3830380625 0.3253399609375 0.34145939453125 0.3428425390625 0.3275998046875 0.381494076171875 0.31446973828125 0.43035543359375 0.320305322265625 0.475570443359375
1 0.4306640625 0.7216796875 0.0263671875 0.0341796875
1 0.33203125 0.7607421875 0.017578125 0.0302734375
1 0.298828125 0.7421875 0.0234375 0.04296875
1 0.359695623046875 0.25432901171875 0.37574353125 0.2689144765625 0.39470928125 0.263809572265625 0.4275345234375 0.27474867578125 0.431911212890625 0.295168365234375 0.4618187109375 0.3527810234375 0.4851611015625 0.31704657421875 0.501938482421875 0.282041421875 0.49902069140625 0.2185945625 0.463277607421875 0.173379578125 0.435558478515625 0.125976751953125 0.43993516796875 0.08003246875 0.4311817890625 0.03481747265625 0.41075719140625 0.0391931171875 0.38960312109375 0.073469009765625 0.360425095703125 0.065446994140625 0.348215564453125 0.06026119921875 0.34948334765625 0.117225462890625 0.344377185546875 0.176296666015625 0.35167166796875 0.215677474609375 0.359695623046875 0.25432901171875
1 0.3447265625 0.2861328125 0.0234375 0.03515625
1 0.36328125 0.32421875 0.0361328125 0.02734375
1 0.0986328125 0.0322265625 0.0361328125 0.0517578125
1 0.03125 0.0810546875 0.013671875 0.0224609375
1 0.0966796875 0.3603515625 0.02734375 0.0634765625
1 0.06640625 0.3037109375 0.0400390625 0.0322265625
1 0.029296875 0.40234375 0.0419921875 0.080078125
1 0.087890625 0.4169921875 0.021484375 0.0244140625
1 0.265625 0.791015625 0.0166015625 0.0205078125
1 0.1513671875 0.80078125 0.01953125 0.0205078125
1 0.0947265625 0.8154296875 0.01171875 0.017578125
1 0.0031894609375 0.67355468359375 0.0068367265625 0.72825025390625 0.02142573828125 0.760338318359375 0.03090858984375 0.7581504765625 0.053521556640625 0.778570166015625 0.063733830078125 0.772006693359375 0.086346796875 0.795343470703125 0.080511212890625 0.7428357421875 0.08124063671875 0.71074767578125 0.100935810546875 0.691057259765625 0.086346796875 0.65240572265625 0.10020638671875 0.61448348046875 0.08926458984375 0.5831246875 0.079781740234375 0.5561415390625 0.07067315234375 0.56320655078125 0.055709875 0.591146703125 0.022155162109375 0.61010782421875 0 0.64000807421875 0.0031894609375 0.67355468359375